[-9.80333 -8.65 86.5] [-1.35744 -1.20023 -0.289802];
[-5.11238 -8.12952 88] [3.43242 -0.046273 -0.394721];
[-7.99095 -9.14429 86.5] [0.436304 -1.53063 -0.431872];
[-7.82619 -9.30905 86.5] [0.735808 -1.57056 -0.461326];
[-8.27238 -10.4019 86] [0.116167 -2.83657 -0.468114];
[-8.64152 -13.9718 84.8] [0.213183 -6.35778 -0.567475];
[-9.95714 -11.5762 85] [-1.51233 -4.21157 -0.3974];
[-8.37733 -12.7693 85.4] [0.214607 -5.06681 -0.527804];
[-8.37733 -12.7693 85.4] [0.218138 -5.06708 -0.527965];
[-5.93733 -13.2573 85.4] [2.72692 -5.32375 -0.710323];
[-5.93733 -13.2573 85.4] [2.71305 -5.34415 -0.661479];
[-5.628 -6.636 88.2] [2.7905 1.55684 -0.189546];
[-6.95619 -6.62095 88] [1.43714 1.32572 -0.175614];

[-7.78095 -10.0743 86] [0.679403 -2.36562 -0.442402];
[-6.81391 -10.7545 86.2] [3.66522 0.605987 -0.250124];
[-7.23867 -12.444 85.4] [1.3452 -4.68899 -0.608887];
[-7.51086 -14.1333 84.8] [1.10428 -6.33604 -0.531428];
[-9.87133 -6.55324 87.1] [-1.62835 0.985546 -0.167545];
[-8.39695 -11.3318 85.6] [0.063154 -3.70402 -0.469139];

[-7.74476 -11.821 85.6] [5.52223 -4.37537 0.356596];
[-6.05552 -9.37362 87.1] [2.34476 -1.36582 -0.463541];
[-9.04914 -11.984 85.6] [-0.484835 -4.32573 -0.397749];
[-9.04914 -11.984 85.6] [-0.487758 -4.20904 -0.442005];
[-6.34333 -10.1329 86.5] [2.31045 -2.26445 -0.511534];
[-9.028 -12.1187 85.4] [-0.390876 -4.65494 -0.511809];
[-6.88095 -13.519 85] [1.63708 -5.82288 -0.744449];
[-6.39524 -14.1667 85] [2.18905 -6.38911 -0.652042];