[0.187143 -8.04714 65.5] [-4.71465 -0.415323 3.33664]
[2.34333 -6.27 66.5] [0.730929 5.6732 -0.264333]
[2.34333 -6.27 66.5] [0.715809 5.62457 -0.269788]
[1.59524 -4.78571 67] [0.840541 3.95161 -0.159253]
[2.25 -4.17857 67.5] [0.602031 3.33144 -0.228595]
[2.99905 -5.29619 67] [-0.106619 4.58217 -0.177428]
[1.9781 -5.29619 67] [0.952401 4.44324 -0.181372]
[2.7479 -4.79286 67.1] [2.39718 -2.41267 -0.185056]
[2.31867 -7.58267 65.8] [0.729654 6.97395 -0.314387]
[-0.191143 -5.41571 66.9] [3.07376 4.73488 -0.267015]
[0.192 -4.416 67.2] [2.66969 3.46545 -0.22974]
[0.318571 -5.41571 66.9] [2.59253 4.63993 -0.421207]
[0.698762 -5.52657 66.7] [2.12476 4.86069 -0.241229]
[0.191143 -4.906 66.9] [-0.832804 3.76595 -0.208594]
[2.112 -4.8 67.2] [0.840541 3.95161 -0.159253]
[1.46105 -5.65362 66.7] [1.55094 4.91627 -0.201005]
[0.820857 -6.25114 66.3] [2.17421 5.60156 -0.263228]
[-0.568286 -6.37743 66.3] [3.48591 5.66937 -0.142964]
[3.094 -6.37743 66.3] [-0.161475 5.46111 -0.215295]
[-1.72029 -4.906 66.9] [2.63618 2.87692 -0.220251]
[2.63571 -4.17857 67.5] [0.347516 3.33382 -0.182575]
[1.82562 -6.86181 66.1] [1.15769 6.31757 -0.281443]
[1.332 -6.02571 66.6] [1.68106 5.35068 -0.252603]
[1.1979 -6.49391 66.2] [3.48591 5.66937 -0.142964]  
[0.315714 -6.50371 66.3] [2.60039 5.79688 -0.288959]
[3.10333 -6.27 66.5] [-0.161475 5.46111 -0.215295]
[1.57619 -6.62 66.2] [1.42605 5.92895 -0.278622]
[0.187143 -7.92238 65.5] [-0.434733 8.39459 -0.280985]


[-2.51652 -5.07122 75.0202] [0.172047 -0.0585404 -0.0112421 0.983283] 

Found belvita_milk at [4.42648 -7.96091 75.7045] [0 0 1 0] with score 3.74925e-33




MILK
-------------------------------------------------------------------------------------------
0.997001 3.39106 -0.136702; -4.21208 2.71269 0.108482; -0.71589 0.040744 -0.291412; -3.13452 3.36643 0.220265; -1.35744 -1.20023 -0.289802; 3.43242 -0.046273 -0.394721; 0.436304 -1.53063 -0.431872; 0.023394 4.74987 0.07499; -0.077027 3.83368 -0.102425; -0.826452 2.24093 -0.157027; -0.370465 -2.1727 -0.338423; -0.386609 -2.16953 -0.370179


-0.0904762 -7.32857 95; 1.1601 -9.90543 93.7; 1.6919 -10.2405 93.5; 4.06286 -7.13257 94.8; -2.38371 -11.3889 92.7; 2.40943 -10.6193 93.7; 0.797143 -11.78 93; -0.998381 -5.89952 95.3; -0.995238 -6.78571 95; 2.22619 -11.8433 93.5; -1.50086 -12.4483 92.7; -1.50086 -12.4483 92.7


-0.0904762 -7.32857 95; 1.1601 -9.90543 93.7; -1.6919 -10.2405 93.5; -4.06286 -7.13257 94.8; -2.38371 -11.3889 92.7; 2.40943 -10.6193 93.7; -0.797143 -11.78 93; -0.998381 -5.89952 95.3; -0.995238 -6.78571 95; 2.22619 -11.8433 93.5; -1.50086 -12.4483 92.7; -1.50086 -12.4483 92.7; -2.26905 -5.89952 95.3;  -3.18333 -5.91191 95.5; -2.41714 -9.04191 94; -2.07657 -6.59086 94.8; -2.24286 -8.52286 94.2; 1.71 -9.09 94.5; 0.448571 -9.24057 94.2; 2.61 -8.91 94.5


0.997001 3.39106 -0.136702; -4.21208 2.71269 0.108482; -0.71589 0.040744 -0.291412; -3.13452 3.36643 0.220265; -1.35744 -1.20023 -0.289802; 3.43242 -0.046273 -0.394721; 0.436304 -1.53063 -0.431872; 0.023394 4.74987 0.07499; -0.077027 3.83368 -0.102425; -0.826452 2.24093 -0.157027; -0.370465 -2.1727 -0.338423; -0.386609 -2.16953 -0.370179; -1.19234 4.73681 0.160465; -2.14199 4.72459 0.188953; 0.394021 5.23197 0.041525; -1.15775 4.03381 -0.084685; -1.08377 1.81159 -0.155917; 2.7905 1.55684 -0.189546; 1.43714 1.32572 -0.175614; 3.67206 1.93069 -0.231019


[-0.0904762 -7.32857 95] [0.997001 3.39106 -0.136702]
[1.1601 -9.90543 93.7] [-4.21208 2.71269 0.108482]
[-1.6919 -10.2405 93.5] [-0.71589 0.040744 -0.291412]
[-4.06286 -7.13257 94.8] [-3.13452 3.36643 0.220265]
[-2.38371 -11.3889 92.7] [-1.35744 -1.20023 -0.289802]
[2.40943 -10.6193 93.7] [3.43242 -0.046273 -0.394721]
[-0.797143 -11.78 93] [0.436304 -1.53063 -0.431872]
[-0.998381 -5.89952 95.3] [0.023394 4.74987 0.07499]
[-0.995238 -6.78571 95] [-0.077027 3.83368 -0.102425]
[2.22619 -11.8433 93.5] [-0.826452 2.24093 -0.157027]
[-1.50086 -12.4483 92.7] [-0.370465 -2.1727 -0.338423]





[-1.50086 -12.4483 92.7] [-0.386609 -2.16953 -0.370179]
[-2.26905 -5.89952 95.3] [-1.19234 4.73681 0.160465]
[-3.18333 -5.91191 95.5] [-2.14199 4.72459 0.188953]
[-2.41714 -9.04191 94] [0.394021 5.23197 0.041525]
[-2.07657 -6.59086 94.8] [-1.15775 4.03381 -0.084685]
[-2.24286 -8.52286 94.2] [-1.08377 1.81159 -0.155917]
[1.71 -9.09 94.5] [2.7905 1.55684 -0.189546]
[0.448571 -9.24057 94.2] [1.43714 1.32572 -0.175614]
[2.61 -8.91 94.5] [3.67206 1.93069 -0.231019]


[1.32857 -11.9571 93] [2.38017 -1.44464 -0.431768]
[1.32857 -11.9571 93] [2.47965 2.71528 -0.121602]
[-1.50086 -12.4483 92.7] [-0.370465 -2.1727 -0.338423]
[-1.50086 -12.4483 92.7] [-0.386609 -2.16953 -0.370179]
[-0.0878095 -13.4349 92.2] [0.116167 -2.83657 -0.468114]
[-0.264286 -12.7738 92.5] [0.679403 -2.36562 -0.442402]
[-2.98571 -6.42381 95] [-1.93031 4.22797 0.037253]
[-1.89 -8.19 94.5] [-0.826452 2.24093 -0.157027]
[-4.25238 -6.78571 95] [-3.17336 3.84455 0.101625]
[-1.71543 -7.13257 94.8] [-0.647102 3.45287 -0.077405]
[2.2619 -7.87143 95] [3.38581 2.91081 -0.14481]
[-3.85771 -8.88171 94.2] [-2.95807 1.62762 -0.028838]
[3.31238 -9.93714 94] [4.33413 0.937296 -0.321876]
[-0.445238 -10.0624 93.5] [0.364752 0.384481 -0.299566]
[-3.80857 -11.4257 93] [-2.93353 5.94979 0.185376]
[1.51381 -10.2405 93.5] [2.66858 0.336599 -0.394034]


[-2.64215 -15.3251 93.1246] [0.173546 -0.130762 -0.0271056 0.97573]

0.206571 -6.12829 72.3; 2.97314 -7.12172 72.6; 0.0679048 -8.21648 71.3; -2.14048 -5.86905 72.5; -2.54419 -6.25733 72.2; -0.0677143 -9.41229 71.1; -1.1641 -7.19 71.9; -0.759524 -5.31667 72.5; 1.57495 -7.87476 71.9; .22514 -10.0469 70.8; 1.74286 -5.08914 73.2; 0.471333 -10.302 70.7; 0.762667 -5.75467 72.8; 1.70476 -8.52381 71.6; 1.28114 -10.4514 70.8; 2.5019 -10.3457 71; 3.20943 -8.53572 71.7; 2.94448 -8.28562 71.9

-0.71589 0.040744 -0.291412; 1.92481 -0.649413 -0.377038; -0.921861 -2.135 -0.235709; -3.01926 0.143869 -0.152373; -2.83951 5.11742 0.066073; 5.47697 -4.63119 0.032419; -2.1193 -1.16032 -0.258122; -1.62835 0.985546 -0.167545; 0.436304 -1.53063 -0.431872; -5.4665 -4.19827 2.02564; 0.752317 1.30689 -0.19666; -0.487758 -4.20904 -0.442005; -0.35466 0.529711 -0.265804; 0.679403 -2.36562 -0.442402; 0.298938 -4.44794 -0.488591; -2.47355 -5.98969 -0.347846; 2.31045 -2.26445 -0.511534; 1.90026 -1.93629 -0.476887

A = [-0.0904762 -7.32857 95;    1.1601 -9.90543 93.7;
    -1.6919 -10.2405 93.5;     -4.06286 -7.13257 94.8; 
    -2.38371 -11.3889 92.7;     2.40943 -10.6193 93.7; 
    -0.797143 -11.78 93;     -0.998381 -5.89952 95.3; 
    -0.995238 -6.78571 95;     2.22619 -11.8433 93.5; 
    -1.50086 -12.4483 92.7;     -1.50086 -12.4483 92.7; 
    -2.26905 -5.89952 95.3;      -3.18333 -5.91191 95.5; 
    -2.41714 -9.04191 94;     -2.07657 -6.59086 94.8; 
    -2.24286 -8.52286 94.2;     1.71 -9.09 94.5; 
    0.448571 -9.24057 94.2;     2.61 -8.91 94.5];
B = [0.997001 3.39106 -0.136702; -4.21208 2.71269 0.108482; 
    -0.71589 0.040744 -0.291412; -3.13452 3.36643 0.220265; 
    -1.35744 -1.20023 -0.289802; 3.43242 -0.046273 -0.394721; 
    0.436304 -1.53063 -0.431872; 0.023394 4.74987 0.07499; 
    -0.077027 3.83368 -0.102425; -0.826452 2.24093 -0.157027; 
    -0.370465 -2.1727 -0.338423; -0.386609 -2.16953 -0.370179; 
    -1.19234 4.73681 0.160465; -2.14199 4.72459 0.188953; 
    0.394021 5.23197 0.041525; -1.15775 4.03381 -0.084685; 
    -1.08377 1.81159 -0.155917; 2.7905 1.55684 -0.189546; 
    1.43714 1.32572 -0.175614; 3.67206 1.93069 -0.231019];



The number of samples is 18

[0.206571 -6.12829 72.3] [-0.71589 0.040744 -0.291412]
[2.97314 -7.12172 72.6] [1.92481 -0.649413 -0.377038]
[0.0679048 -8.21648 71.3] [-0.921861 -2.135 -0.235709]
[-2.14048 -5.86905 72.5] [-3.01926 0.143869 -0.152373]
[-2.54419 -6.25733 72.2] [-2.83951 5.11742 0.066073]
[-0.0677143 -9.41229 71.1] [5.47697 -4.63119 0.032419]
[-1.1641 -7.19 71.9] [-2.1193 -1.16032 -0.258122]
[-0.759524 -5.31667 72.5] [-1.62835 0.985546 -0.167545]
[1.57495 -7.87476 71.9] [0.436304 -1.53063 -0.431872]
[2.22514 -10.0469 70.8] [-5.4665 -4.19827 2.02564]
[1.74286 -5.08914 73.2] [0.752317 1.30689 -0.19666]
[0.471333 -10.302 70.7] [-0.487758 -4.20904 -0.442005]
[0.762667 -5.75467 72.8] [-0.35466 0.529711 -0.265804]
[1.70476 -8.52381 71.6] [0.679403 -2.36562 -0.442402]
[1.28114 -10.4514 70.8] [0.298938 -4.44794 -0.488591]
[2.5019 -10.3457 71] [-2.47355 -5.98969 -0.347846]
[3.20943 -8.53572 71.7] [2.31045 -2.26445 -0.511534]
[2.94448 -8.28562 71.9] [1.90026 -1.93629 -0.476887]
SVD result: 
 -0.196123   0.975973 -0.0949317
  0.980117   0.192137 -0.0495366
-0.0301065  -0.102759  -0.994251
-0.494877  0.851723 -0.172236
 0.815202  0.386413 -0.431429
 0.300904  0.353912  0.885552

Rotation: 
 0.944666 -0.312858 0.0986227
 0.258206  0.894609  0.364698
 0.202328  0.319053 -0.925888
Translation: 
0.700754
-6.30676
72.2257
[0.712771 0 0 0.701397] [0.700754 -6.30676 72.2257]


Found noodles_n at [0.703958 -6.37212 72.3081] [-0.0298013 -0.0331278 0.263818 0.963543] with score 6.72623e-44
 Found noodles_n at [0.512843 -6.62018 72.7245] [0.236 -0.0307257 0.077178 0.968196] with score 5.53152e-33
 Found noodles_n at [0.434325 -6.41139 72.0999] [-0.00366471 -0.00972866 0.0560779 0.998372] with score -2.47649e-06
 Found noodles_n at [0.755661 -6.66984 72.6126] [0.217749 -0.0588201 0.0395505 0.973428] with score 0.124543


 Found 1 objects
 Found noodles_n at [10.5325 -8.12032 69.0446] [0.180225 0.031137 0.0184648 0.982959] with score 68.9931
CLUSTER_MEAN_SHIFT_CPU
POSE_DISPLAY:0 : FOUND 1 Objects
--Time is: 1.2957s
 Found 1 objects
 Found noodles_n at [10.421 -8.05539 68.455] [0.199628 0.0229488 0.0169966 0.979456] with score 64.8589
CLUSTER_MEAN_SHIFT_CPU
POSE_DISPLAY:0 : FOUND 1 Objects
--Time is: 1.37088s
 Found 1 objects
 Found noodles_n at [10.3697 -7.99377 68.1508] [0.207535 0.0155449 0.0134676 0.978011] with score 59.6965
CLUSTER_MEAN_SHIFT_CPU
POSE_DISPLAY:0 : FOUND 1 Objects
--Time is: 1.30707s
 Found 1 objects
 Found noodles_n at [10.6135 -8.26945 69.8999] [0.179585 -0.00808814 0.0185807 0.983534] with score 56.2596
CLUSTER_MEAN_SHIFT_CPU
POSE_DISPLAY:0 : FOUND 1 Objects
 Found 1 objects
 Found noodles_n at [10.4441 -8.1495 68.7777] [0.200195 0.00764465 0.0151844 0.979609] with score 70.0609


 
 [-1.76657 -9.48714 68.7] [-0.494353 -3.78823 -0.443513]
[-2.03714 -8.74 69] [-5.4665 -4.19827 2.02564]
[0.731238 -6.58114 69.8] [0.735808 -1.57056 -0.461326]
[0.328571 -8.21429 69] [5.4615 -4.31663 1.29104]
[0.727048 -7.33657 69.4] [0.679403 -2.36562 -0.442402]
[-3.16914 -4.78743 70.8] [-3.01926 0.143869 -0.152373]
[-2.3 -8.47714 69] [-2.26648 -3.71566 -0.344043]
[0.590571 -9.25229 68.9] [0.215367 -4.36273 -0.513047]
[0.98 -9.604 68.6] [5.47556 -4.38652 0.707619]
[2.08733 -5.18467 70.7] [-0.768856 -2.45729 -0.379959]
[-0.200857 -5.42314 70.3] [-0.248584 -0.513884 -0.327985]
[1.9361 -5.80829 70.1] [1.92316 -0.65741 -0.378167]
[-1.50924 -8.98981 68.9] [-1.51233 -4.21157 -0.3974]
[-1.79486 -6.84705 69.8] [-1.89781 -1.82803 -0.29516]
[-0.740667 -4.91533 70.7] [-0.71589 0.040744 -0.291412]
[0.734381 -5.67476 70.1] [0.715668 -0.648604 -0.335096]
[-0.327143 -9.35629 68.7] [-0.390876 -4.65494 -0.511809]
[-0.860476 -7.08238 69.5] [-0.921861 -2.135 -0.235709]
[-1.402 -6.07533 70.1] [-1.35744 -1.20023 -0.289802]
[-2.06962 -5.94181 70.1] [-2.1193 -1.16032 -0.258122]

